x coord,y_coord,z_coord
-0.1278093159198761,1.0769758224487305,0.6560865640640259
-0.12874363362789154,1.092589020729065,0.6623311042785645
-0.12629374861717224,1.0867022275924683,0.6650035977363586
-0.1258118599653244,1.0833287239074707,0.666039228439331
-0.12579572200775146,1.0794665813446045,0.667289137840271
-0.12578138709068298,1.0830193758010864,0.6687867641448975
-0.1266098916530609,1.0811127424240112,0.6729289293289185
-0.12708181142807007,1.0859318971633911,0.676355242729187
-0.1275150179862976,1.0871329307556152,0.6794567108154297
-0.12774769961833954,1.0809913873672485,0.6802397966384888
-0.12777063250541687,1.0754451751708984,0.6804347038269043
-0.12775492668151855,1.0721685886383057,0.6799057722091675
-0.12763932347297668,1.066518783569336,0.6792140603065491
-0.12815524637699127,1.0677855014801025,0.6778465509414673
-0.128982275724411,1.068690299987793,0.6783345937728882
-0.1298941671848297,1.0670157670974731,0.6808927655220032
-0.1308654248714447,1.067361831665039,0.6833423972129822
-0.13170582056045532,1.0698224306106567,0.6847498416900635
-0.13231968879699707,1.0700719356536865,0.6860494017601013
-0.13274189829826355,1.0689055919647217,0.6854868531227112
-0.13335107266902924,1.0675952434539795,0.6863104701042175
-0.13369117677211761,1.0671956539154053,0.6872110366821289
-0.134126216173172,1.0656075477600098,0.6879494190216064
-0.13449281454086304,1.061374306678772,0.6887452006340027
-0.13574334979057312,1.0583912134170532,0.690841794013977
-0.13596633076667786,1.0547775030136108,0.6918326020240784
-0.13682760298252106,1.0507398843765259,0.6932141780853271
-0.1370404213666916,1.0463838577270508,0.6938339471817017
-0.13710197806358337,1.0415287017822266,0.6943221092224121
-0.1371401697397232,1.037551999092102,0.6940476298332214
-0.13702258467674255,1.0321086645126343,0.6932381391525269
-0.13706842064857483,1.0278586149215698,0.6928455829620361
-0.1376563310623169,1.023258924484253,0.692499577999115
-0.13818012177944183,1.022584080696106,0.6924703121185303
-0.13812270760536194,1.019997239112854,0.6919245719909668
-0.1381070762872696,1.0183558464050293,0.6920826435089111
-0.13814842700958252,1.016058087348938,0.6919097900390625
-0.138142928481102,1.013718605041504,0.6922380924224854
-0.13792866468429565,1.0102499723434448,0.6921597719192505
-0.1385144293308258,1.0088930130004883,0.6922924518585205
-0.13855627179145813,1.0067529678344727,0.6931337118148804
-0.1387588530778885,1.0070395469665527,0.6943153738975525
-0.1390128880739212,1.0073570013046265,0.6960031986236572
-0.13944733142852783,1.0067474842071533,0.6952100992202759
-0.13957327604293823,1.003807783126831,0.6939968466758728
-0.13918152451515198,1.0009108781814575,0.6930420994758606
-0.13934911787509918,0.9999455213546753,0.6913848519325256
-0.13913242518901825,0.9971716403961182,0.6907950639724731
-0.13872352242469788,0.9964412450790405,0.6893408298492432
-0.1386265605688095,0.9956752061843872,0.6889207363128662
-0.13831675052642822,0.9936290979385376,0.6888284683227539
-0.13816824555397034,0.9922330379486084,0.6893835663795471
-0.1385401487350464,0.9934662580490112,0.6893453598022461
-0.1384974718093872,0.993632972240448,0.689141035079956
-0.1383781135082245,0.9933574199676514,0.688953161239624
-0.1381896734237671,0.9926201105117798,0.6884028315544128
-0.13792255520820618,0.9925181269645691,0.6876438856124878
-0.13769060373306274,0.9923125505447388,0.6868835687637329
-0.13745343685150146,0.9943013191223145,0.6851750016212463
-0.13729289174079895,0.9946692585945129,0.6842379570007324
-0.13704898953437805,0.99617600440979,0.682858407497406
-0.13691666722297668,0.9984627962112427,0.6834184527397156
-0.13674907386302948,0.9966698884963989,0.6836152076721191
-0.13668081164360046,0.9965746402740479,0.6834447383880615
-0.1364039182662964,0.9968858957290649,0.6825275421142578
-0.13569100201129913,0.9959549307823181,0.679039716720581
-0.13533779978752136,0.9957008361816406,0.6779049634933472
-0.1351315677165985,0.9965751767158508,0.6772930026054382
-0.13489657640457153,0.9996351003646851,0.6764817237854004
-0.13482972979545593,1.000968337059021,0.676596999168396
-0.13476864993572235,1.0038033723831177,0.6771321296691895
-0.13452750444412231,1.0044313669204712,0.6767321228981018
-0.1340264081954956,1.0031412839889526,0.6749745607376099
-0.13352808356285095,1.002400517463684,0.6735765337944031
-0.13356752693653107,1.0039767026901245,0.6742042303085327
-0.13355563580989838,1.0068756341934204,0.6753057241439819
-0.1333569884300232,1.0060709714889526,0.6746974587440491
-0.13310594856739044,1.005828857421875,0.6734857559204102
-0.13249355554580688,1.003340482711792,0.6708411574363708
-0.13211779296398163,1.0018072128295898,0.6698721647262573
-0.13199344277381897,1.0027018785476685,0.6695646047592163
-0.13176396489143372,1.001668930053711,0.6701413989067078
-0.13221022486686707,1.0035535097122192,0.6706450581550598
-0.13211897015571594,1.0035935640335083,0.6710408329963684
-0.13214799761772156,1.0053631067276,0.6715165376663208
-0.13210353255271912,1.004077434539795,0.6723377704620361
-0.1320682018995285,1.0048924684524536,0.6722123622894287
-0.131790429353714,1.0042197704315186,0.6717476844787598
-0.13152968883514404,1.0044527053833008,0.671210527420044
-0.13136398792266846,1.0030033588409424,0.6706363558769226
-0.1313861906528473,1.00516939163208,0.6694304943084717
-0.13059581816196442,1.0060405731201172,0.6676198244094849
-0.1296941041946411,1.003675103187561,0.6666122674942017
-0.1282433569431305,1.0022791624069214,0.6637721061706543
-0.12665720283985138,1.0013569593429565,0.6604706048965454
-0.12393543124198914,0.9908466935157776,0.6527753472328186
-0.1210366040468216,0.9861479997634888,0.6471183896064758
-0.12068428844213486,1.0072518587112427,0.6584674119949341
-0.12050005793571472,1.0237441062927246,0.6694751977920532
-0.12128355354070663,1.0336542129516602,0.6770930290222168
-0.11840838938951492,1.029329538345337,0.674941897392273
-0.11468268930912018,1.0204161405563354,0.6688723564147949
-0.10944020748138428,1.0100154876708984,0.6596970558166504
-0.10494189709424973,1.0038352012634277,0.6542797088623047
-0.10085900872945786,1.0022133588790894,0.6518194079399109
-0.09777422994375229,1.00454580783844,0.6519663333892822
-0.09462995827198029,1.0080862045288086,0.6530060172080994
-0.09191438555717468,1.0114436149597168,0.6537419557571411
-0.09033159911632538,1.0145008563995361,0.6547354459762573
-0.0887937992811203,1.0175800323486328,0.6553282737731934
-0.08630909025669098,1.020724892616272,0.6565967798233032
-0.0852707177400589,1.0960619449615479,0.675923228263855
-0.08386564254760742,1.1426279544830322,0.6854274272918701
-0.08269263058900833,1.145272970199585,0.6878889799118042
-0.08177773654460907,1.1792715787887573,0.6949708461761475
-0.08089298009872437,1.1910624504089355,0.6950235366821289
-0.07926321029663086,1.1846237182617188,0.6910889744758606
-0.07825464010238647,1.1919962167739868,0.6936248540878296
-0.07658855617046356,1.1940118074417114,0.6928900480270386
-0.07488131523132324,1.189497947692871,0.6895901560783386
-0.0755138248205185,1.1926636695861816,0.6944851875305176
-0.07409514486789703,1.1906352043151855,0.6922878623008728
-0.07286305725574493,1.1848758459091187,0.6898092031478882
-0.07312220335006714,1.1823958158493042,0.6932715177536011
-0.0721883475780487,1.1790411472320557,0.6921861171722412
-0.07318075001239777,1.1693835258483887,0.6922687888145447
-0.07417222857475281,1.1603102684020996,0.6922112703323364
-0.07272502779960632,1.1607764959335327,0.6919921040534973
-0.07336513698101044,1.120038390159607,0.6749142408370972
-0.07324278354644775,1.090926170349121,0.6596437692642212
-0.07382053136825562,1.0752077102661133,0.6525459289550781
-0.07545645534992218,1.0768245458602905,0.6542482972145081
-0.07578174769878387,1.0574755668640137,0.6436477899551392
-0.0746106505393982,1.0548784732818604,0.6395423412322998
-0.07390537858009338,1.0581564903259277,0.6388813257217407
-0.07291783392429352,1.0588608980178833,0.636640191078186
-0.07575510442256927,1.0553338527679443,0.6390320658683777
-0.07534335553646088,1.0603294372558594,0.6408681869506836
-0.07504759728908539,1.063342809677124,0.6422662138938904
-0.07456602156162262,1.0650413036346436,0.6423850059509277
-0.07861746847629547,1.0204640626907349,0.6593438386917114
-0.0820278525352478,1.000877857208252,0.6634422540664673
-0.08582493662834167,1.002773404121399,0.6769965291023254
-0.08621704578399658,1.0136648416519165,0.6850675940513611
-0.08642808347940445,1.0217269659042358,0.6907100081443787
-0.08664955198764801,1.0278600454330444,0.6968393325805664
-0.08897552639245987,0.9844772219657898,0.6691784858703613
-0.0938798189163208,0.9797585010528564,0.6650002598762512
-0.09893052279949188,0.9788264036178589,0.669120192527771
-0.10336865484714508,0.9837578535079956,0.6737490892410278
